47 3.14159265358979 2.71835829593715
25 4.48000000999995 3.64255453668374
20 0.820000010000001 4.18317468082796
11 3.57000000999997 4.56675077743033
3 2.19000001 4.86427551251595
23 1.32000001 5.10737092157455
17 1.4 5.31290516134423
57 2.28 5.49094701817693
8 2.21 5.64799106571877
0 0.8 5.78847175326254
40 2.86999999999998 5.91555199300164
1 1.43 6.03156716232115
52 1.7 6.13829077255253
10 0.39 6.23710140209082
22 1.85 6.32909189740676
49 0.39 6.41514325892352
37 3.18999999999998 6.4959760880121
15 6.21999999999991 6.57218730646537
9 0.17 6.64427693482573
48 0.44 6.71266799400913
12 0.32 6.77772154623504
38 3.57999999999997 6.83974823374824
30 2.94999999999998 6.89901725050935
31 0.33 6.95576340306774
56 1.07 7.01019272909475
32 1.23 7.06248701329912
2 2.56999999999999 7.11280745060959
41 3.18999999999998 7.16129764283742
5 2.61999999999999 7.20808606925245
13 3.53999999999997 7.25328813815335
28 3.78999999999996 7.29700790191734
39 3.63999999999997 7.33933949967012
7 1.03 7.38036837789245
42 6.22999999999991 7.4201723287587
43 6.22999999999991 7.45882237792303
21 6.12999999999991 7.49638354721196
51 1.72 7.53291551279611
44 4.32999999999995 7.56847317557233
54 4.54999999999995 7.60310715744334
4 1.71 7.63686423475573
6 2.53999999999999 7.66978771820956
35 3.58999999999997 7.70191778698164
29 3.46999999999997 7.73329178352856
14 0.02 7.76394447449483
16 0.940000000000001 7.79390828229757
19 6.13999999999991 7.82321349125594
26 0.940000000000001 7.85188843155056
34 2.96999999999998 7.87995964381433
50 4.54999999999995 7.90745202675132
45 4.32999999999995 7.93438896984134
27 1.16 7.96079247290291
33 1.09 7.98668325404572
18 6.18999999999991 8.01208084733998
58 1.48 8.03700369135618
53 4.51999999999995 8.06146920958044
46 4.35999999999995 8.08549388358401
55 4.56999999999995 8.10909331971655
36 3.14999999999998 8.13228230999904
24 0.880000000000001 8.15507488781144
