25 3.14159265358979 2.70696200703095
16 1e-08 3.63115824777754
40 4.68000000999994 4.17177839192176
20 1.38000001 4.55535448852413
29 4.43000000999995 4.85287922360975
34 5.16000000999993 5.09597463266835
41 5.12999999999994 5.30150887243803
21 1 5.47955072927073
39 4.84999999999994 5.63659477681257
37 5.00999999999994 5.77707546435634
38 4.89999999999994 5.90415570409544
22 2.68999999999999 6.02017087341495
10 2.08 6.12689448364633
35 4.73999999999994 6.22570511318462
5 0.53 6.31769560850056
17 0.860000000000001 6.40374697001732
51 2.54999999999999 6.4845797991059
8 2.04 6.56079101755917
14 0.950000000000001 6.63288064591953
57 2.04 6.70127170510293
15 0.940000000000001 6.76632525732884
30 4.62999999999995 6.82835194484203
36 4.84999999999994 6.88762096160315
11 1.84 6.94436711416154
52 0.53 6.99879644018855
45 5.47999999999993 7.05109072439292
2 0.53 7.10141116170338
47 1.5 7.14990135393122
32 1.5 7.19668978034624
24 1.31 7.24189184924715
23 1.51 7.28561161301114
26 1.19 7.32794321076392
27 1.22 7.36897208898625
58 1.24 7.4087760398525
12 2.05 7.44742608901683
9 2.1 7.48498725830576
3 0.53 7.52151922388991
1 1.5 7.55707688666613
42 0.830000000000001 7.59171086853714
4 0.53 7.62546794584953
6 0.56 7.65839142930336
18 0.930000000000001 7.69052149807544
13 4.59999999999995 7.72189549462236
19 0.950000000000001 7.75254818558863
54 5.47999999999993 7.78251199339137
46 5.46999999999993 7.81181720234974
7 2.09 7.84049214264436
31 2.07 7.86856335490813
49 2.06 7.89605573784511
28 4.58999999999995 7.92299268093514
55 5.47999999999993 7.94939618399671
53 5.50999999999993 7.97528696513952
56 2.11 8.00068455843378
48 2.01 8.02560740244998
44 5.22999999999993 8.05007292067424
43 0.820000000000001 8.07409759467781
50 5.23999999999993 8.09769703081035
33 1.84 8.12088602109284
