1 23
1 25
1 20
1 32
1 47
2 3
2 4
2 5
2 6
2 51
2 52
3 4
3 5
3 6
3 51
3 52
4 5
4 51
4 52
5 6
5 13
5 51
5 52
6 51
6 52
7 8
7 9
7 10
7 56
7 57
8 9
8 11
8 10
8 12
8 56
8 57
9 10
9 31
9 12
9 56
10 48
10 49
10 31
10 12
10 57
11 33
11 34
11 40
11 25
11 17
12 49
12 31
12 57
13 28
13 29
13 40
13 30
14 15
14 16
14 17
14 18
14 19
14 20
14 21
15 16
15 17
15 18
15 19
15 20
15 21
16 22
16 28
16 29
16 37
16 41
16 24
16 17
16 42
16 43
16 21
16 26
16 27
16 58
17 42
17 18
17 21
18 19
18 21
19 20
19 21
20 23
20 24
20 25
20 42
20 21
20 32
20 47
20 58
21 42
21 43
21 26
22 23
22 24
22 25
22 26
22 27
22 51
22 58
23 25
23 32
23 47
24 26
24 27
24 58
25 34
25 44
25 50
25 53
25 45
25 54
25 32
25 46
25 55
25 47
26 27
26 58
27 41
27 58
28 29
28 30
29 34
29 35
29 36
29 37
29 38
29 39
29 40
29 41
29 30
30 34
30 35
30 39
30 40
31 49
31 57
32 40
32 47
34 37
34 38
34 39
34 40
34 41
34 44
34 45
34 46
35 36
35 37
35 38
35 39
35 40
35 41
36 37
36 38
36 39
36 40
36 41
37 38
37 39
37 40
37 41
38 39
38 40
38 41
39 40
39 41
40 41
40 47
42 43
44 50
45 53
45 54
45 46
45 55
46 54
46 55
48 49
48 57
49 57
51 52
53 54
54 55
