2 3
2 4
2 5
2 6
2 47
3 8
3 5
3 6
3 22
3 23
3 11
3 40
3 17
3 0
3 1
3 51
3 52
3 47
3 57
4 51
4 52
5 40
5 47
6 47
8 7
8 22
8 9
8 33
8 11
8 10
8 12
8 17
8 56
8 57
22 23
22 25
22 20
22 0
22 52
22 47
23 0
23 10
23 49
23 25
23 17
23 20
23 32
23 27
23 1
23 56
23 52
23 47
23 57
11 28
11 29
11 34
11 35
11 13
11 37
11 38
11 39
11 40
11 30
11 48
11 25
11 47
11 57
40 37
40 30
40 25
40 17
40 47
40 57
17 14
17 15
17 16
17 1
17 42
17 43
17 18
17 20
17 21
17 47
7 9
7 0
7 56
9 10
9 31
9 12
9 56
9 47
33 56
10 0
10 48
10 49
10 31
10 12
10 57
12 48
12 49
12 31
12 57
14 15
14 20
15 42
15 43
15 18
15 19
15 20
15 21
20 0
20 16
20 1
20 24
20 25
20 42
20 43
20 19
20 21
20 26
20 32
20 27
20 52
20 47
20 58
25 28
25 34
25 1
25 37
25 39
25 41
25 30
25 44
25 50
25 53
25 45
25 54
25 32
25 46
25 55
25 47
28 47
28 57
0 48
0 49
0 56
0 47
0 57
48 49
48 31
48 57
49 37
49 31
49 57
47 1
47 51
47 52
47 35
47 36
47 13
47 37
47 38
47 39
47 41
47 30
47 50
47 32
57 31
32 1
42 43
19 21
29 37
29 38
37 41
37 44
38 35
38 13
38 39
16 26
26 45
34 30
13 30
36 41
41 52
1 52
1 58
52 51
44 45
44 46
50 54
54 53
54 55
