1 2
2 3
2 4
2 5
2 7
2 24
2 6
2 11
2 10
2 8
2 9
5 6
7 6
24 13
24 23
24 55
24 57
24 52
24 38
24 48
24 53
24 47
24 34
24 58
24 51
24 59
24 60
24 30
24 28
24 27
24 26
24 25
24 54
6 23
6 14
6 8
11 10
11 12
10 8
8 9
23 14
23 55
14 13
14 22
14 15
12 13
13 55
13 21
13 20
13 19
13 15
55 47
55 51
55 53
55 54
55 56
55 57
55 58
21 20
20 15
20 19
19 15
19 22
15 22
15 18
15 17
15 16
57 47
57 51
57 56
52 51
52 62
52 53
38 33
38 34
38 35
38 36
38 37
38 46
38 45
38 42
38 40
38 39
48 34
48 47
48 49
48 51
53 47
53 51
53 58
53 54
47 34
47 42
47 45
47 51
47 54
34 45
34 59
34 51
34 49
34 35
34 50
34 61
34 46
34 43
58 51
51 27
51 28
51 29
51 30
51 40
51 45
51 54
51 59
51 60
59 27
59 29
59 30
59 42
59 43
59 45
59 60
60 27
60 29
60 30
30 27
30 29
30 44
30 31
28 27
28 29
27 41
27 29
41 40
44 31
44 32
44 43
31 32
32 40
32 42
32 33
40 33
40 42
40 43
45 35
45 43
45 46
49 50
49 61
35 37
35 36
35 46
37 36
